3.26E-21	0	5.94E-21	3.86E-21	2.71E-19	1.31E-20	3.18E-20	5.08E-20	9.51E-20	1.10E-20	2.33E-20	2.20E-20	1.59E-20	5.67E-20	2.52E-20	3.29E-20	2.58E-20	5.69E-20	3.69E-21	2.35E-20	1.59E-21	4.36E-22	4.55E-22	7.24E-10	2.19E-10	6.66E-22	4.47E-21	1.16E-07	3.00E-08	9.18E-07	8.92E-10	1.22E-21	1.23E-21
3.41E-21	0	6.21E-21	4.04E-21	1.31E-08	1.37E-20	3.33E-20	5.32E-20	9.95E-20	1.16E-20	2.44E-20	2.30E-20	1.66E-20	5.93E-20	2.63E-20	3.44E-20	2.70E-20	5.96E-20	3.86E-21	2.46E-20	1.66E-21	4.57E-22	4.76E-22	4.39E-09	1.46E-09	6.97E-22	7.33E-08	3.39E-07	1.09E-07	2.35E-06	6.12E-09	1.28E-21	1.29E-21
3.55E-21	0	6.46E-21	4.20E-21	6.54E-08	1.43E-20	3.46E-20	5.53E-20	1.03E-19	1.20E-20	2.53E-20	2.39E-20	1.73E-20	6.17E-20	2.74E-20	3.58E-20	2.81E-20	6.20E-20	4.01E-21	2.56E-20	1.73E-21	4.75E-22	4.95E-22	1.78E-08	6.65E-09	7.25E-22	3.65E-07	5.91E-07	2.10E-07	3.78E-06	2.88E-08	5.73E-11	1.34E-21
3.67E-21	0	6.68E-21	4.34E-21	9.81E-03	1.47E-20	3.57E-20	1.06E-02	1.07E-19	1.24E-20	2.62E-20	2.47E-20	1.79E-20	1.05E-03	2.83E-20	3.70E-20	2.90E-20	6.40E-20	4.15E-21	2.64E-20	1.79E-21	4.91E-22	5.11E-22	6.88E-08	2.98E-08	7.49E-22	6.76E-07	8.40E-07	3.12E-07	5.12E-06	1.28E-07	2.75E-10	1.39E-21
3.79E-21	0	6.89E-21	4.47E-21	2.88E-02	1.52E-20	3.69E-20	3.06E-02	1.10E-19	1.28E-20	2.70E-20	2.55E-20	1.84E-20	3.68E-03	1.04E-04	3.81E-20	2.99E-20	6.60E-20	4.28E-21	2.73E-20	1.85E-21	5.06E-22	5.27E-22	3.26E-07	1.72E-07	7.72E-22	9.70E-07	1.07E-06	4.08E-07	6.35E-06	5.66E-07	1.47E-09	1.43E-21
3.88E-21	0	7.07E-21	4.59E-21	4.89E-02	1.56E-20	3.78E-20	5.10E-02	1.13E-19	1.31E-20	2.77E-20	2.61E-20	1.89E-20	6.99E-03	1.06E-03	3.91E-20	3.07E-20	6.77E-20	4.39E-21	2.80E-20	1.89E-21	5.19E-22	5.41E-22	1.46E-06	9.48E-07	7.92E-22	1.24E-06	1.29E-06	4.97E-07	7.50E-06	1.55E-06	1.14E-08	1.47E-21
3.97E-21	0	7.22E-21	4.69E-21	7.09E-02	1.59E-20	2.53E-07	7.03E-02	5.80E-04	1.34E-20	2.83E-20	2.67E-20	1.93E-20	1.58E-02	2.07E-03	4.00E-20	3.14E-20	6.92E-20	4.48E-21	2.86E-20	1.93E-21	5.31E-22	5.53E-22	3.37E-06	2.39E-06	8.10E-22	1.50E-06	1.48E-06	5.79E-07	8.56E-06	2.63E-06	6.44E-08	1.50E-21
4.05E-21	0	7.36E-21	4.78E-21	0.101629697	1.62E-20	1.39E-05	8.85E-02	6.27E-03	1.37E-20	2.89E-20	2.72E-20	1.97E-20	3.45E-02	3.01E-03	4.07E-20	3.20E-20	7.06E-20	4.57E-21	2.91E-20	1.97E-21	5.41E-22	5.63E-22	5.41E-06	3.95E-06	8.25E-22	1.74E-06	1.66E-06	6.55E-07	9.53E-06	3.65E-06	2.76E-07	1.53E-21
4.10E-21	0	7.47E-21	4.85E-21	0.132605649	1.65E-20	1.85E-04	0.10553244	1.28E-02	1.39E-20	2.93E-20	2.76E-20	2.00E-20	5.38E-02	3.89E-03	4.13E-20	3.24E-20	7.16E-20	4.64E-21	2.96E-20	2.00E-21	5.49E-22	5.72E-22	7.37E-06	5.44E-06	8.38E-22	1.96E-06	1.83E-06	7.25E-07	1.04E-05	4.60E-06	9.54E-07	1.55E-21
4.17E-21	0	7.59E-21	4.93E-21	0.170574316	1.67E-20	1.52E-03	0.121424437	2.61E-02	1.41E-20	2.97E-20	2.81E-20	2.03E-20	7.19E-02	4.72E-03	4.20E-20	3.30E-20	7.27E-20	4.71E-21	3.00E-20	2.03E-21	5.58E-22	5.81E-22	9.19E-06	6.83E-06	8.51E-22	2.17E-06	1.98E-06	7.90E-07	1.13E-05	5.49E-06	2.32E-06	1.58E-21
4.21E-21	0	7.66E-21	4.98E-21	0.308779119	1.69E-20	7.31E-02	0.136226604	8.81E-02	8.28E-05	3.00E-20	2.83E-20	2.05E-20	8.90E-02	5.50E-03	4.06E-04	1.90E-06	6.99E-02	3.77E-04	1.94E-04	5.40E-08	9.08E-10	8.10E-10	1.09E-05	8.13E-06	2.14E-07	2.36E-06	2.12E-06	8.50E-07	1.21E-05	6.31E-06	4.13E-06	9.22E-10
4.25E-21	0	7.74E-21	5.03E-21	0.55785839	1.00E-07	0.223139055	0.149992278	0.20331169	1.45E-03	3.03E-20	2.86E-20	2.07E-20	0.104980361	6.22E-03	2.48E-03	1.92E-05	0.303658859	1.22E-03	6.78E-03	4.36E-07	6.50E-09	5.35E-09	1.24E-05	9.33E-06	9.42E-07	2.53E-06	2.26E-06	9.06E-07	1.28E-05	7.07E-06	5.89E-06	7.78E-09
4.29E-21	0	7.81E-21	5.08E-21	0.854595795	4.75E-07	0.374438347	0.162779763	0.360732921	3.12E-03	3.06E-20	2.89E-20	2.09E-20	0.119950391	6.89E-03	5.72E-03	8.64E-05	0.579656315	2.08E-03	1.69E-02	1.60E-06	2.06E-08	1.45E-08	1.39E-05	1.04E-05	1.82E-06	2.70E-06	2.38E-06	9.58E-07	1.35E-05	7.78E-06	7.52E-06	2.91E-08
4.32E-21	0	7.86E-21	5.11E-21	1.149116238	1.42E-06	0.517886095	0.174683237	0.521673656	4.68E-03	3.08E-20	2.91E-20	6.14E-09	0.133915746	7.52E-03	9.41E-03	3.15E-04	0.854220506	2.89E-03	2.90E-02	4.72E-06	5.22E-08	3.12E-08	1.52E-05	1.15E-05	2.71E-06	2.85E-06	2.50E-06	1.01E-06	1.41E-05	8.44E-06	9.05E-06	8.26E-08
4.33E-21	0	7.88E-21	5.12E-21	1.429212845	3.85E-06	0.653699212	0.18578893	0.675158502	6.13E-03	3.09E-20	2.92E-20	3.24E-08	0.146938708	8.10E-03	1.31E-02	9.99E-04	1.115112729	3.65E-03	4.29E-02	1.30E-05	1.22E-07	6.13E-08	1.65E-05	1.25E-05	3.56E-06	2.99E-06	2.60E-06	1.05E-06	1.47E-05	9.05E-06	1.05E-05	1.89E-07
4.35E-21	0	7.91E-21	5.14E-21	1.694095498	1.03E-05	0.78189774	0.196155001	0.820226431	7.48E-03	3.10E-20	2.93E-20	9.84E-08	0.159128904	8.64E-03	1.66E-02	2.49E-03	1.360018766	4.37E-03	5.73E-02	3.40E-05	2.76E-07	1.15E-07	1.76E-05	1.34E-05	4.36E-06	3.13E-06	2.70E-06	1.09E-06	1.52E-05	9.63E-06	1.18E-05	3.45E-07
4.36E-21	0	7.93E-21	5.15E-21	1.944296251	2.75E-05	0.902436273	0.205851446	0.957043243	8.75E-03	3.11E-20	2.93E-20	2.62E-07	0.170531601	9.15E-03	1.99E-02	4.62E-03	1.589397297	5.03E-03	7.12E-02	8.23E-05	6.23E-07	2.14E-07	1.87E-05	1.42E-05	5.11E-06	3.25E-06	2.80E-06	1.13E-06	1.57E-05	1.02E-05	1.30E-05	5.24E-07
4.37E-21	0	7.95E-21	5.16E-21	2.179084933	7.66E-05	1.015381628	0.21497001	1.085175533	9.93E-03	3.12E-20	2.94E-20	6.82E-07	0.181210997	9.63E-03	2.30E-02	6.92E-03	1.804092902	5.66E-03	8.43E-02	1.71E-04	1.41E-06	3.96E-07	1.98E-05	1.50E-05	5.81E-06	3.37E-06	2.89E-06	1.17E-06	1.62E-05	1.07E-05	1.42E-05	7.05E-07
4.36E-21	0	7.94E-21	5.16E-21	2.400057271	2.35E-04	1.121333449	0.223587436	1.205759951	1.10E-02	3.11E-20	2.94E-20	1.87E-06	0.191263891	1.01E-02	2.59E-02	9.15E-03	2.005327169	6.24E-03	9.65E-02	2.95E-04	3.14E-06	7.42E-07	2.07E-05	1.58E-05	6.47E-06	3.48E-06	2.97E-06	1.21E-06	1.67E-05	1.11E-05	1.53E-05	8.78E-07
4.36E-21	0	7.94E-21	5.16E-21	2.607778452	9.06E-04	1.220802952	0.231738031	1.318908274	1.21E-02	3.11E-20	2.94E-20	6.71E-06	0.200744112	1.05E-02	2.86E-02	1.13E-02	2.194558439	6.79E-03	0.108032445	4.32E-04	6.64E-06	1.41E-06	2.17E-05	1.65E-05	7.09E-06	3.58E-06	3.05E-06	1.24E-06	1.71E-05	1.16E-05	1.63E-05	1.04E-06
4.35E-21	0	7.91E-21	5.14E-21	2.803948037	3.16E-03	1.314428234	0.239547723	1.425323597	1.31E-02	3.10E-20	2.93E-20	3.30E-05	0.209725106	1.09E-02	3.12E-02	1.33E-02	2.372633356	7.31E-03	0.11883775	5.67E-04	1.25E-05	2.74E-06	2.25E-05	1.71E-05	7.67E-06	3.69E-06	3.13E-06	1.27E-06	1.75E-05	1.20E-05	1.73E-05	1.19E-06
4.34E-21	0	7.89E-21	5.13E-21	2.990151699	6.86E-03	1.402683333	0.247020026	1.525389116	1.40E-02	3.09E-20	2.92E-20	1.03E-04	0.218271074	1.13E-02	3.36E-02	1.52E-02	2.540818558	7.80E-03	0.129009351	6.97E-04	2.03E-05	5.41E-06	2.34E-05	1.78E-05	8.22E-06	3.78E-06	3.20E-06	1.30E-06	1.79E-05	1.24E-05	1.82E-05	1.34E-06
4.32E-21	0	7.87E-21	5.11E-21	3.168048015	1.12E-02	1.486317793	0.254270866	1.620345368	1.49E-02	3.08E-20	2.91E-20	2.20E-04	0.226476021	1.17E-02	3.59E-02	1.70E-02	2.700107946	8.26E-03	0.138617495	8.19E-04	2.90E-05	1.07E-05	2.42E-05	1.84E-05	8.74E-06	3.88E-06	3.27E-06	1.33E-06	1.83E-05	1.28E-05	1.91E-05	1.48E-06
4.31E-21	0	7.84E-21	5.09E-21	3.336722476	1.56E-02	1.565612457	0.261320703	1.710059391	1.57E-02	3.07E-20	2.90E-20	3.81E-04	0.234380441	1.20E-02	3.81E-02	1.87E-02	2.851426078	8.70E-03	0.147702871	9.34E-04	3.77E-05	2.03E-05	2.49E-05	1.90E-05	9.23E-06	3.97E-06	3.35E-06	1.36E-06	1.87E-05	1.32E-05	1.99E-05	1.60E-06
4.28E-21	0	7.79E-21	5.06E-21	3.498044186	1.98E-02	1.641371718	0.268299762	1.795648342	1.65E-02	3.05E-20	2.88E-20	5.86E-04	0.242060085	1.24E-02	4.02E-02	2.03E-02	2.996172715	9.12E-03	0.156332236	1.04E-03	4.60E-05	3.58E-05	2.57E-05	1.96E-05	9.71E-06	4.06E-06	3.42E-06	1.39E-06	1.91E-05	1.36E-05	2.07E-05	1.73E-06
4.26E-21	0	7.74E-21	5.03E-21	3.65280653	2.39E-02	1.714096001	0.275211789	1.8775404	1.72E-02	3.04E-20	2.86E-20	8.39E-04	0.249593577	1.27E-02	4.21E-02	2.18E-02	3.134956496	9.53E-03	0.164551818	1.15E-03	5.40E-05	5.69E-05	2.64E-05	2.01E-05	1.02E-05	4.16E-06	3.49E-06	1.42E-06	1.95E-05	1.39E-05	2.15E-05	1.84E-06
4.23E-21	0	7.70E-21	5.00E-21	3.801791852	2.78E-02	1.784078836	0.282194192	1.956179155	1.79E-02	3.02E-20	2.85E-20	1.13E-03	0.257022653	1.31E-02	4.41E-02	2.33E-02	3.268881164	9.92E-03	0.172431741	1.24E-03	6.15E-05	8.10E-05	2.71E-05	2.07E-05	1.06E-05	4.25E-06	3.56E-06	1.45E-06	1.99E-05	1.43E-05	2.22E-05	1.95E-06
4.20E-21	0	7.64E-21	4.97E-21	3.946826002	3.14E-02	1.852309613	0.289272503	2.032430082	1.86E-02	3.00E-20	2.83E-20	1.46E-03	0.264450156	1.34E-02	4.59E-02	2.47E-02	3.399259648	1.03E-02	0.180028863	1.34E-03	6.86E-05	1.06E-04	2.79E-05	2.12E-05	1.10E-05	4.35E-06	3.63E-06	1.49E-06	2.04E-05	1.47E-05	2.30E-05	2.06E-06
4.17E-21	0	7.59E-21	4.93E-21	4.089175832	3.49E-02	1.919084319	0.296541998	2.107134145	1.93E-02	2.98E-20	2.81E-20	1.79E-03	0.271927555	1.38E-02	4.77E-02	2.60E-02	3.526517974	1.07E-02	0.187411242	1.43E-03	7.54E-05	1.30E-04	2.86E-05	2.18E-05	1.14E-05	4.45E-06	3.71E-06	1.52E-06	2.08E-05	1.51E-05	2.37E-05	2.16E-06
4.14E-21	0	7.53E-21	4.89E-21	4.229896665	3.81E-02	1.985128015	0.304183832	2.180639166	2.00E-02	2.95E-20	2.79E-20	2.12E-03	0.279560578	1.41E-02	4.95E-02	2.73E-02	3.652317655	1.10E-02	0.194663064	1.51E-03	8.18E-05	1.53E-04	2.93E-05	2.24E-05	1.19E-05	4.56E-06	3.79E-06	1.55E-06	2.13E-05	1.54E-05	2.44E-05	2.26E-06
4.10E-21	0	7.46E-21	4.85E-21	4.370405864	4.13E-02	2.050784409	0.31222378	2.253928024	2.07E-02	2.92E-20	2.76E-20	2.43E-03	0.287425947	1.45E-02	5.12E-02	2.85E-02	3.777119894	1.14E-02	0.201838093	1.59E-03	8.80E-05	1.75E-04	3.01E-05	2.30E-05	1.23E-05	4.68E-06	3.88E-06	1.59E-06	2.18E-05	1.58E-05	2.52E-05	2.36E-06
4.07E-21	0	7.40E-21	4.81E-21	4.512336843	4.43E-02	2.117054155	0.320844789	2.327625883	2.14E-02	3.86E-03	2.74E-20	2.73E-03	0.295611008	1.49E-02	5.30E-02	2.97E-02	3.902823275	1.18E-02	0.20899472	1.67E-03	9.39E-05	1.96E-04	3.09E-05	2.36E-05	1.27E-05	4.80E-06	3.97E-06	1.63E-06	2.23E-05	1.63E-05	2.59E-05	2.45E-06
4.03E-21	0	7.33E-21	4.76E-21	4.656697364	4.72E-02	2.184127763	0.330194637	2.402301741	2.21E-02	1.71E-02	2.71E-20	3.01E-03	0.304293976	1.54E-02	5.48E-02	3.09E-02	4.029937464	1.22E-02	0.216181287	1.75E-03	9.97E-05	2.16E-04	3.17E-05	2.42E-05	1.31E-05	4.93E-06	4.08E-06	1.67E-06	2.30E-05	1.67E-05	2.67E-05	2.55E-06
3.99E-21	0	7.26E-21	4.72E-21	4.805491026	5.00E-02	2.253307428	0.340231568	2.479036573	2.28E-02	3.62E-02	2.68E-20	3.29E-03	0.313552315	1.58E-02	5.66E-02	3.21E-02	4.160831212	1.26E-02	0.223467283	1.83E-03	1.05E-04	2.35E-04	3.26E-05	2.49E-05	1.35E-05	5.07E-06	4.20E-06	1.72E-06	2.36E-05	1.72E-05	2.75E-05	2.64E-06
3.95E-21	0	7.18E-21	4.67E-21	4.959610308	5.28E-02	2.324772004	0.351011638	2.558237841	2.35E-02	5.86E-02	2.66E-20	3.57E-03	0.323557659	1.63E-02	5.85E-02	3.33E-02	4.296220719	1.30E-02	0.230950809	1.91E-03	1.11E-04	2.53E-04	3.36E-05	2.57E-05	1.40E-05	5.23E-06	4.34E-06	1.78E-06	2.44E-05	1.77E-05	2.83E-05	2.74E-06
3.91E-21	0	7.11E-21	4.62E-21	5.121748439	5.56E-02	2.3998871	0.362724729	2.641261304	2.43E-02	8.28E-02	2.63E-20	3.85E-03	0.334475847	1.69E-02	6.04E-02	3.45E-02	4.438227209	1.34E-02	0.238695108	1.98E-03	1.16E-04	2.71E-04	3.46E-05	2.65E-05	1.44E-05	5.40E-06	4.49E-06	1.84E-06	2.53E-05	1.82E-05	2.92E-05	2.84E-06
3.86E-21	0	7.03E-21	4.57E-21	5.294316675	5.83E-02	2.480055899	0.375579038	2.729288386	2.51E-02	0.107533881	2.60E-20	4.14E-03	0.346353096	1.74E-02	6.25E-02	3.58E-02	4.589709408	1.38E-02	0.246846469	2.06E-03	1.22E-04	2.89E-04	3.57E-05	2.74E-05	1.49E-05	5.59E-06	4.66E-06	1.91E-06	2.62E-05	1.89E-05	3.01E-05	2.94E-06
3.82E-21	0	6.95E-21	4.51E-21	5.478789901	6.10E-02	2.565902455	0.38963129	2.823202479	2.60E-02	0.132326531	2.57E-20	4.43E-03	0.359134374	1.81E-02	6.47E-02	3.71E-02	4.75206325	1.43E-02	0.255502509	2.14E-03	1.27E-04	3.06E-04	3.70E-05	2.83E-05	1.55E-05	5.80E-06	4.85E-06	1.98E-06	2.72E-05	1.96E-05	3.12E-05	3.05E-06
3.77E-21	0	6.87E-21	4.46E-21	5.678033974	6.38E-02	2.6593679	0.404490238	2.924624064	2.70E-02	0.156827885	2.54E-20	4.73E-03	0.372763792	1.88E-02	6.71E-02	3.84E-02	4.928328412	1.49E-02	0.264769185	2.22E-03	1.33E-04	3.23E-04	3.84E-05	2.94E-05	1.60E-05	6.01E-06	5.03E-06	2.06E-06	2.82E-05	2.03E-05	3.23E-05	3.16E-06
3.73E-21	0	6.78E-21	4.41E-21	5.893964337	6.65E-02	2.76218479	0.419655878	3.03488628	2.81E-02	0.180916564	2.51E-20	5.04E-03	0.387033259	1.95E-02	6.97E-02	3.98E-02	5.12219184	1.55E-02	0.274735667	2.31E-03	1.38E-04	3.40E-04	3.99E-05	3.05E-05	1.67E-05	6.23E-06	5.21E-06	2.13E-06	2.92E-05	2.11E-05	3.35E-05	3.28E-06
3.68E-21	0	6.70E-21	4.35E-21	6.125762792	6.94E-02	2.873015611	0.434534274	3.153467317	2.92E-02	0.204589879	2.48E-20	5.36E-03	0.401589199	2.02E-02	7.25E-02	4.14E-02	5.331145478	1.61E-02	0.285402826	2.40E-03	1.44E-04	3.57E-04	4.14E-05	3.17E-05	1.74E-05	6.43E-06	5.38E-06	2.20E-06	3.01E-05	2.18E-05	3.48E-05	3.41E-06
3.64E-21	0	6.61E-21	4.30E-21	6.368485305	7.24E-02	2.989165842	0.448640399	3.278346476	3.04E-02	0.227933241	2.45E-20	5.69E-03	0.41585648	2.09E-02	7.54E-02	4.30E-02	5.550589394	1.67E-02	0.296619341	2.50E-03	1.50E-04	3.75E-04	4.28E-05	3.28E-05	1.81E-05	6.63E-06	5.53E-06	2.26E-06	3.10E-05	2.26E-05	3.61E-05	3.55E-06
3.59E-21	0	6.53E-21	4.24E-21	6.613519034	7.55E-02	3.106240521	0.461701024	3.405306712	3.16E-02	0.251121005	2.41E-20	6.04E-03	0.429477102	2.16E-02	7.85E-02	4.47E-02	5.771840061	1.74E-02	0.308144027	2.60E-03	1.57E-04	3.93E-04	4.42E-05	3.38E-05	1.88E-05	6.81E-06	5.67E-06	2.32E-06	3.17E-05	2.33E-05	3.75E-05	3.69E-06
3.36E-21	0	6.12E-21	3.98E-21	6.85316987	7.87E-02	3.220350884	0.473645975	3.530207227	3.28E-02	0.27437092	2.26E-20	6.41E-03	0.442162742	2.21E-02	8.14E-02	4.64E-02	5.987319156	1.80E-02	0.319675243	2.71E-03	1.63E-04	4.12E-04	4.55E-05	3.48E-05	1.95E-05	6.97E-06	5.80E-06	2.37E-06	3.24E-05	2.39E-05	3.87E-05	3.84E-06
3.11E-21	0	5.67E-21	3.68E-21	7.079449672	8.20E-02	3.327191227	0.484181295	3.648828623	3.39E-02	0.297940922	2.10E-20	6.78E-03	0.453707104	2.27E-02	8.43E-02	4.82E-02	6.189566687	1.86E-02	0.330918382	2.82E-03	1.70E-04	4.31E-04	4.67E-05	3.57E-05	2.02E-05	7.11E-06	5.91E-06	2.42E-06	3.30E-05	2.45E-05	3.99E-05	3.99E-06
1.91E-05	0	5.24E-21	3.41E-21	7.28806871	8.55E-02	3.42488932	0.493355663	3.758780598	3.49E-02	0.322109724	1.94E-20	7.16E-03	0.464031621	2.32E-02	8.69E-02	5.00E-02	6.374708124	1.92E-02	0.341522483	2.93E-03	1.77E-04	4.51E-04	4.77E-05	3.65E-05	2.08E-05	7.23E-06	6.00E-06	2.46E-06	3.35E-05	2.50E-05	4.10E-05	4.13E-06
4.99E-05	0	4.84E-21	3.15E-21	7.47684077	8.89E-02	3.51289042	0.501075338	3.858383033	3.58E-02	0.347090715	1.98E-04	7.55E-03	0.473096439	2.36E-02	8.92E-02	5.16E-02	6.541543673	1.97E-02	0.351314534	3.03E-03	1.85E-04	4.71E-04	4.86E-05	3.72E-05	2.13E-05	7.32E-06	6.06E-06	2.49E-06	3.38E-05	2.55E-05	4.20E-05	4.26E-06
1.12E-04	0	4.47E-21	2.90E-21	7.64428242	9.23E-02	3.590865752	0.506574914	3.946995922	3.66E-02	0.372987386	4.57E-04	7.92E-03	0.480565934	2.39E-02	9.14E-02	5.32E-02	6.689365177	2.01E-02	0.360165668	3.13E-03	1.91E-04	4.92E-04	4.93E-05	3.78E-05	2.18E-05	7.39E-06	6.12E-06	2.51E-06	3.42E-05	2.58E-05	4.28E-05	4.38E-06
1.84E-04	0	4.12E-21	2.68E-21	7.790575702	9.55E-02	3.658432485	0.511434276	4.024120441	3.73E-02	0.399607732	7.10E-04	8.27E-03	0.486327445	2.41E-02	9.32E-02	5.46E-02	6.817947905	2.05E-02	0.367999694	3.23E-03	1.98E-04	5.12E-04	4.99E-05	3.82E-05	2.22E-05	7.46E-06	6.17E-06	2.53E-06	3.45E-05	2.61E-05	4.35E-05	4.49E-06
2.67E-04	0	3.79E-21	2.46E-21	7.916007204	9.87E-02	3.715713122	0.515994456	4.089539855	3.80E-02	0.426384102	9.33E-04	8.61E-03	0.490896913	2.43E-02	9.48E-02	5.59E-02	6.92710519	2.08E-02	0.374764073	3.31E-03	2.04E-04	5.32E-04	5.03E-05	3.86E-05	2.26E-05	7.52E-06	6.22E-06	2.55E-06	3.47E-05	2.63E-05	4.41E-05	4.59E-06
3.62E-04	0	3.48E-21	2.26E-21	8.011903823	0.101629241	3.756024964	0.520035413	4.13933	3.84E-02	0.452601178	1.13E-03	8.91E-03	0.495204979	2.45E-02	9.60E-02	5.70E-02	7.00526952	2.10E-02	0.380175658	3.39E-03	2.10E-04	5.50E-04	5.08E-05	3.89E-05	2.28E-05	7.58E-06	6.16E-06	2.55E-06	3.42E-05	2.65E-05	4.45E-05	4.67E-06
4.73E-04	0	3.20E-21	2.08E-21	8.091548879	0.104340533	3.790285114	0.52380105	4.178853988	3.88E-02	0.477563037	1.31E-03	9.19E-03	0.498995153	2.47E-02	9.69E-02	5.79E-02	7.070131609	2.12E-02	0.384368128	3.45E-03	2.15E-04	5.68E-04	5.11E-05	3.92E-05	2.30E-05	7.51E-06	5.78E-06	2.41E-06	3.16E-05	2.67E-05	4.49E-05	4.73E-06
5.78E-04	0	2.93E-21	1.90E-21	8.155510637	0.106780976	3.821523128	0.518147709	4.214561626	3.91E-02	0.500903973	1.48E-03	9.44E-03	0.501240015	2.49E-02	9.78E-02	5.86E-02	7.128171429	2.14E-02	0.387937343	3.50E-03	2.19E-04	5.83E-04	5.14E-05	3.94E-05	2.32E-05	6.92E-06	5.31E-06	2.22E-06	2.89E-05	2.68E-05	4.53E-05	4.78E-06
6.79E-04	0	2.68E-21	1.74E-21	8.177499756	0.1089024	3.848191223	0.477337021	4.245676522	3.93E-02	0.522357413	1.66E-03	9.66E-03	0.498799939	2.46E-02	9.85E-02	5.91E-02	7.17726206	2.15E-02	0.391038725	3.54E-03	2.23E-04	5.98E-04	5.13E-05	3.94E-05	2.34E-05	6.31E-06	4.85E-06	2.03E-06	2.64E-05	2.61E-05	4.55E-05	4.82E-06
7.77E-04	0	2.44E-21	1.59E-21	8.186697702	0.110637583	3.871787206	0.43464638	4.27306318	3.96E-02	0.541869952	1.82E-03	9.84E-03	0.488073265	2.24E-02	9.91E-02	5.96E-02	7.21882538	2.16E-02	0.393669974	3.58E-03	2.26E-04	6.10E-04	4.84E-05	3.73E-05	2.35E-05	5.75E-06	4.43E-06	1.85E-06	2.41E-05	2.40E-05	4.58E-05	4.86E-06
8.65E-04	0	2.22E-21	1.44E-21	8.168511146	0.112005376	3.89642487	0.395013964	4.287696969	3.98E-02	0.559439702	1.97E-03	9.98E-03	0.447413286	2.04E-02	9.96E-02	6.01E-02	7.259939221	2.18E-02	0.396034985	3.61E-03	2.28E-04	6.21E-04	4.41E-05	3.39E-05	2.36E-05	5.24E-06	4.04E-06	1.68E-06	2.20E-05	2.18E-05	4.56E-05	4.89E-06
8.79E-04	0	2.01E-21	1.30E-21	8.130522693	0.113202013	3.931014804	0.35845278	4.300870881	4.01E-02	0.575029699	1.95E-03	1.01E-02	0.404942464	1.85E-02	0.100370412	6.04E-02	7.319879153	2.20E-02	0.398730542	3.63E-03	2.30E-04	6.29E-04	3.99E-05	3.07E-05	2.38E-05	4.76E-06	3.67E-06	1.53E-06	2.00E-05	1.97E-05	4.34E-05	4.92E-06
8.96E-04	0	1.81E-21	1.18E-21	7.738222026	0.114242306	3.711189216	0.324689137	4.144110933	3.90E-02	0.588639913	1.96E-03	1.02E-02	0.365882039	1.67E-02	9.82E-02	6.08E-02	6.970616379	2.05E-02	0.396613353	3.65E-03	2.32E-04	6.36E-04	3.61E-05	2.78E-05	2.27E-05	4.32E-06	3.33E-06	1.39E-06	1.82E-05	1.78E-05	3.92E-05	4.94E-06
9.11E-04	0	1.62E-21	1.06E-21	7.040572549	0.11513445	3.344743929	0.293487025	3.80023619	3.51E-02	0.600145298	1.97E-03	1.03E-02	0.330007354	1.51E-02	9.05E-02	6.12E-02	6.318412087	1.84E-02	0.37515056	3.67E-03	2.33E-04	6.41E-04	3.26E-05	2.51E-05	2.06E-05	3.91E-06	3.02E-06	1.26E-06	1.65E-05	1.61E-05	3.53E-05	4.92E-06
9.24E-04	0	1.45E-21	9.44E-22	6.311482849	0.115982231	3.001477347	0.264654861	3.412968858	3.15E-02	0.609194599	1.98E-03	1.03E-02	0.297037806	1.36E-02	8.15E-02	6.06E-02	5.674325281	1.65E-02	0.343479115	3.69E-03	2.35E-04	6.46E-04	2.93E-05	2.26E-05	1.85E-05	3.52E-06	2.72E-06	1.14E-06	1.49E-05	1.45E-05	3.17E-05	4.70E-06
9.41E-04	0	1.30E-21	8.42E-22	5.639807063	0.117007903	2.687658694	0.238038491	3.055288752	2.82E-02	0.616733224	1.99E-03	1.04E-02	0.266745217	1.22E-02	7.29E-02	5.63E-02	5.080878861	1.48E-02	0.308067806	3.63E-03	2.36E-04	6.49E-04	2.64E-05	2.03E-05	1.66E-05	3.17E-06	2.45E-06	1.02E-06	1.34E-05	1.30E-05	2.84E-05	4.28E-06
9.50E-04	0	1.15E-21	7.47E-22	5.02163455	0.118737286	2.401362235	0.213509248	2.729044892	2.52E-02	0.623263467	2.00E-03	1.05E-02	0.238940139	1.09E-02	6.51E-02	5.03E-02	4.539114879	1.32E-02	0.274999197	3.37E-03	2.35E-04	6.53E-04	2.36E-05	1.82E-05	1.48E-05	2.85E-06	2.20E-06	9.18E-07	1.20E-05	1.17E-05	2.54E-05	3.82E-06
9.70E-04	0	1.02E-21	6.61E-22	4.458971114	0.117545943	2.140451707	0.190955723	2.431899127	2.24E-02	0.628871287	2.02E-03	1.06E-02	0.213461166	9.78E-03	5.80E-02	4.48E-02	4.04546955	1.18E-02	0.244879486	3.01E-03	2.25E-04	6.57E-04	2.11E-05	1.62E-05	1.32E-05	2.55E-06	1.97E-06	8.21E-07	1.08E-05	1.05E-05	2.27E-05	3.40E-06
9.86E-04	0	8.95E-22	5.81E-22	3.940451188	0.107355279	1.903063031	0.1702777	2.161679631	1.99E-02	0.633887939	2.03E-03	1.03E-02	0.190166908	8.72E-03	5.16E-02	3.97E-02	3.596425554	1.05E-02	0.217526731	2.67E-03	2.03E-04	6.56E-04	1.88E-05	1.45E-05	1.17E-05	2.27E-06	1.76E-06	7.33E-07	9.59E-06	9.32E-06	2.02E-05	3.02E-06
1.00E-03	0	7.83E-22	5.09E-22	3.462937475	9.53E-02	1.687542921	0.151380521	1.916463966	1.77E-02	0.639208346	2.03E-03	9.78E-03	0.168928662	7.75E-03	4.57E-02	3.51E-02	3.188828283	9.31E-03	0.192736589	2.36E-03	1.80E-04	6.28E-04	1.67E-05	1.29E-05	1.04E-05	2.02E-06	1.56E-06	6.52E-07	8.53E-06	8.28E-06	1.79E-05	2.67E-06
1.02E-03	0	6.82E-22	4.43E-22	3.029441101	8.41E-02	1.492394433	0.134172858	1.694515878	1.56E-02	0.647313951	2.02E-03	9.08E-03	0.149626585	6.87E-03	4.04E-02	3.10E-02	2.819824962	8.23E-03	0.170324011	2.08E-03	1.59E-04	5.66E-04	1.48E-05	1.14E-05	9.20E-06	1.79E-06	1.39E-06	5.78E-07	7.57E-06	7.34E-06	1.58E-05	2.36E-06
1.04E-03	0	5.90E-22	3.83E-22	2.637622846	7.40E-02	1.316227638	0.118564036	1.49422775	1.38E-02	0.68140244	2.01E-03	8.18E-03	0.132145775	6.07E-03	3.56E-02	2.73E-02	2.486764142	7.26E-03	0.150118922	1.83E-03	1.40E-04	4.99E-04	1.31E-05	1.01E-05	8.11E-06	1.58E-06	1.22E-06	5.11E-07	6.69E-06	6.48E-06	1.40E-05	2.08E-06
1.05E-03	0	5.07E-22	3.29E-22	2.282555755	6.49E-02	1.157726627	0.104462731	1.31408164	1.21E-02	0.684347522	1.99E-03	7.23E-03	0.116373915	5.34E-03	3.13E-02	2.40E-02	2.187148639	6.39E-03	0.131961923	1.61E-03	1.22E-04	4.38E-04	1.15E-05	8.86E-06	7.14E-06	1.40E-06	1.08E-06	4.50E-07	5.89E-06	5.71E-06	1.23E-05	1.83E-06
1.07E-03	0	4.32E-22	2.81E-22	1.964484914	5.68E-02	1.015627752	9.18E-02	1.152623478	1.06E-02	0.632428106	1.97E-03	6.33E-03	0.10219984	4.69E-03	2.75E-02	2.10E-02	1.918574829	5.60E-03	0.115701365	1.41E-03	1.07E-04	3.82E-04	1.01E-05	7.78E-06	6.26E-06	1.23E-06	9.49E-07	3.95E-07	5.18E-06	5.02E-06	1.08E-05	1.60E-06
1.08E-03	0	2.63E-03	2.37E-22	1.679268929	4.95E-02	0.888705177	8.04E-02	1.008445831	9.30E-03	0.563263525	1.95E-03	5.52E-03	8.95E-02	4.11E-03	2.40E-02	1.84E-02	1.678711818	4.90E-03	0.101191342	1.23E-03	9.35E-05	3.34E-04	8.86E-06	6.82E-06	5.48E-06	1.07E-06	8.31E-07	3.46E-07	4.54E-06	4.40E-06	9.45E-06	1.40E-06
1.10E-03	0	1.63E-03	1.98E-22	1.42594214	4.31E-02	0.775762791	7.03E-02	0.880178092	8.12E-03	0.493468082	1.93E-03	4.80E-03	7.82E-02	3.59E-03	2.10E-02	1.60E-02	1.46529053	4.28E-03	8.83E-02	1.07E-03	8.14E-05	2.90E-04	7.74E-06	5.96E-06	4.78E-06	9.39E-07	7.26E-07	3.03E-07	3.97E-06	3.84E-06	8.25E-06	1.22E-06
1.12E-03	0	2.51E-22	1.63E-22	1.207638592	3.75E-02	0.675634731	6.13E-02	0.766486641	7.07E-03	0.429037182	1.91E-03	4.17E-03	6.82E-02	3.13E-03	1.83E-02	1.39E-02	1.276097362	3.73E-03	7.69E-02	9.33E-04	7.08E-05	2.52E-04	6.75E-06	5.19E-06	4.16E-06	8.18E-07	6.33E-07	2.64E-07	3.46E-06	3.35E-06	7.19E-06	1.06E-06
1.18E-03	0	2.04E-22	1.32E-22	1.002206741	3.25E-02	0.587186958	5.33E-02	0.666076061	6.15E-03	0.371614677	2.01E-03	3.61E-03	5.93E-02	2.72E-03	1.59E-02	1.21E-02	1.108989176	3.24E-03	6.68E-02	8.10E-04	6.14E-05	2.18E-04	5.87E-06	4.52E-06	3.62E-06	7.12E-07	5.51E-07	2.30E-07	3.01E-06	2.91E-06	6.25E-06	9.22E-07
1.40E-03	0	1.62E-22	1.05E-22	0.814879031	2.81E-02	0.509323259	4.63E-02	0.577695561	5.33E-03	0.321147969	2.50E-03	3.13E-03	5.14E-02	2.37E-03	1.38E-02	1.05E-02	0.961892027	2.81E-03	5.79E-02	7.02E-04	5.31E-05	1.89E-04	5.09E-06	3.92E-06	3.14E-06	6.18E-07	4.78E-07	1.99E-07	2.61E-06	2.53E-06	5.42E-06	7.99E-07
1.45E-03	0	1.25E-22	8.09E-23	0.646147407	2.43E-02	0.440992874	4.01E-02	0.500147533	4.62E-03	0.277050052	2.25E-03	2.70E-03	4.46E-02	2.05E-03	1.19E-02	9.07E-03	0.832815456	2.43E-03	5.01E-02	6.07E-04	4.59E-05	1.63E-04	4.41E-06	3.40E-06	2.72E-06	5.36E-07	4.14E-07	1.73E-07	2.26E-06	2.19E-06	4.70E-06	6.91E-07
1.32E-03	0	9.03E-23	5.87E-23	0.480925235	2.10E-02	0.381198896	3.47E-02	0.432296645	3.99E-03	0.238647207	1.63E-03	2.33E-03	3.85E-02	1.77E-03	1.03E-02	7.83E-03	0.719874062	2.10E-03	4.33E-02	5.24E-04	3.96E-05	1.41E-04	3.82E-06	2.94E-06	2.35E-06	4.63E-07	3.59E-07	1.49E-07	1.96E-06	1.89E-06	4.06E-06	5.97E-07
9.95E-04	0	5.90E-23	3.83E-23	0.323075911	1.81E-02	0.329006068	2.99E-02	0.373078442	3.44E-03	0.205281938	1.07E-03	2.01E-03	3.33E-02	1.53E-03	8.89E-03	6.76E-03	0.621287013	1.82E-03	3.74E-02	4.52E-04	3.42E-05	1.21E-04	3.30E-06	2.54E-06	2.03E-06	4.00E-07	3.10E-07	1.29E-07	1.69E-06	1.64E-06	3.50E-06	5.15E-07
4.58E-04	0	2.65E-23	1.72E-23	0.149027264	1.56E-02	0.283546528	2.58E-02	0.321505729	2.97E-03	0.176347552	4.84E-04	1.72E-03	2.87E-02	1.32E-03	7.66E-03	5.82E-03	0.535415079	1.56E-03	3.22E-02	3.89E-04	2.94E-05	1.04E-04	2.84E-06	2.19E-06	1.75E-06	3.45E-07	2.67E-07	1.11E-07	1.46E-06	1.41E-06	3.02E-06	4.44E-07
0	0	0	0	0	1.34E-02	0.244024237	2.22E-02	0.27667341	2.55E-03	0.151294821	0	1.48E-03	2.47E-02	1.14E-03	6.59E-03	5.00E-03	0.460763256	1.35E-03	2.77E-02	3.34E-04	2.53E-05	8.96E-05	2.45E-06	1.88E-06	1.50E-06	2.97E-07	2.30E-07	9.58E-08	1.26E-06	1.21E-06	2.60E-06	3.82E-07
0	0	0	0	0	1.15E-02	0.209717166	1.91E-02	0.23776083	2.19E-03	0.129631742	0	1.27E-03	2.12E-02	9.77E-04	5.66E-03	4.30E-03	0.395973561	1.16E-03	2.38E-02	2.87E-04	2.17E-05	7.69E-05	2.10E-06	1.62E-06	1.29E-06	2.55E-07	1.98E-07	8.24E-08	1.08E-06	1.04E-06	2.24E-06	3.28E-07
0	0	0	0	0	9.83E-03	0.179976698	1.64E-02	0.204030998	1.88E-03	0.11092121	0	1.09E-03	1.82E-02	8.39E-04	4.86E-03	3.69E-03	0.339810344	9.93E-04	2.04E-02	2.46E-04	1.86E-05	6.58E-05	1.81E-06	1.39E-06	1.11E-06	2.19E-07	1.70E-07	7.07E-08	9.27E-07	8.96E-07	1.92E-06	2.81E-07
0	0	0	0	0	8.41E-03	0.154225044	1.41E-02	0.174827567	1.61E-03	9.48E-02	0	9.31E-04	1.56E-02	7.19E-04	4.16E-03	3.16E-03	0.291181685	8.51E-04	1.75E-02	2.11E-04	1.59E-05	5.63E-05	1.55E-06	1.19E-06	9.50E-07	1.88E-07	1.45E-07	6.06E-08	7.94E-07	7.68E-07	1.64E-06	2.41E-07
0	0	0	0	0	7.19E-03	0.131952356	1.20E-02	0.149571479	1.38E-03	8.09E-02	0	7.95E-04	1.34E-02	6.15E-04	3.56E-03	2.70E-03	0.249124147	7.28E-04	1.50E-02	1.80E-04	1.36E-05	4.81E-05	1.32E-06	1.02E-06	8.13E-07	1.61E-07	1.25E-07	5.19E-08	6.80E-07	6.58E-07	1.41E-06	2.06E-07
0	0	0	0	0	6.13E-03	0.11271156	1.03E-02	0.127755044	1.18E-03	6.89E-02	0	6.78E-04	1.14E-02	5.26E-04	3.04E-03	2.30E-03	0.212792968	6.22E-04	1.28E-02	1.54E-04	1.16E-05	4.10E-05	1.13E-06	8.71E-07	6.94E-07	1.37E-07	1.06E-07	4.43E-08	5.81E-07	5.62E-07	1.20E-06	1.76E-07
0	0	0	0	0	5.22E-03	9.61E-02	8.77E-03	0.108929338	1.01E-03	5.86E-02	0	5.77E-04	9.75E-03	4.48E-04	2.59E-03	1.96E-03	0.18144106	5.30E-04	1.09E-02	1.31E-04	9.88E-06	3.49E-05	9.65E-07	7.43E-07	5.92E-07	1.17E-07	9.07E-08	3.78E-08	4.95E-07	4.79E-07	1.03E-06	1.50E-07
0	0	0	0	0	4.44E-03	8.18E-02	7.47E-03	9.27E-02	8.56E-04	4.97E-02	0	4.90E-04	8.30E-03	3.82E-04	2.21E-03	1.67E-03	0.154415454	4.51E-04	9.27E-03	1.11E-04	8.40E-06	2.97E-05	8.22E-07	6.32E-07	5.04E-07	9.98E-08	7.73E-08	3.22E-08	4.22E-07	4.08E-07	8.72E-07	1.28E-07
0	0	0	0	0	3.77E-03	6.95E-02	6.34E-03	7.87E-02	7.27E-04	4.21E-02	0	4.16E-04	7.05E-03	3.24E-04	1.87E-03	1.42E-03	0.131146819	3.83E-04	7.87E-03	9.46E-05	7.13E-06	2.52E-05	6.98E-07	5.37E-07	4.28E-07	8.48E-08	6.56E-08	2.74E-08	3.58E-07	3.47E-07	7.41E-07	1.08E-07
0	0	0	0	0	3.19E-03	5.89E-02	5.38E-03	6.67E-02	6.16E-04	3.56E-02	0	3.52E-04	5.97E-03	2.75E-04	1.59E-03	1.20E-03	0.11113917	3.25E-04	6.67E-03	8.01E-05	6.03E-06	2.13E-05	5.92E-07	4.55E-07	3.63E-07	7.19E-08	5.56E-08	2.32E-08	3.04E-07	2.94E-07	6.28E-07	9.18E-08
0	0	0	0	0	2.69E-03	4.98E-02	4.55E-03	5.64E-02	5.21E-04	3.00E-02	0	2.97E-04	5.05E-03	2.32E-04	1.34E-03	1.02E-03	9.40E-02	2.75E-04	5.64E-03	6.77E-05	5.09E-06	1.80E-05	5.00E-07	3.85E-07	3.07E-07	6.08E-08	4.70E-08	1.96E-08	2.57E-07	2.48E-07	5.31E-07	7.75E-08
0	0	0	0	0	2.27E-03	4.20E-02	3.84E-03	4.76E-02	4.39E-04	2.53E-02	0	2.50E-04	4.26E-03	1.96E-04	1.13E-03	8.56E-04	7.92E-02	2.32E-04	4.75E-03	5.70E-05	4.29E-06	1.51E-05	4.22E-07	3.25E-07	2.58E-07	5.13E-08	3.97E-08	1.65E-08	2.17E-07	2.10E-07	4.48E-07	6.54E-08
0	0	0	0	0	1.90E-03	3.53E-02	3.23E-03	4.00E-02	3.69E-04	2.12E-02	0	2.10E-04	3.58E-03	1.65E-04	9.52E-04	7.20E-04	6.66E-02	1.95E-04	4.00E-03	4.79E-05	3.61E-06	1.27E-05	3.55E-07	2.73E-07	2.17E-07	4.31E-08	3.34E-08	1.39E-08	1.82E-07	1.76E-07	3.77E-07	5.50E-08
0	0	0	0	0	1.60E-03	2.96E-02	2.71E-03	3.35E-02	3.10E-04	1.77E-02	0	1.76E-04	3.01E-03	1.38E-04	7.99E-04	6.03E-04	5.59E-02	1.63E-04	3.35E-03	4.02E-05	3.02E-06	1.06E-05	2.98E-07	2.29E-07	1.82E-07	3.62E-08	2.80E-08	1.17E-08	1.53E-07	1.48E-07	3.16E-07	4.61E-08
0	0	0	0	0	1.33E-03	2.47E-02	2.26E-03	2.80E-02	2.59E-04	1.48E-02	0	1.47E-04	2.51E-03	1.16E-04	6.68E-04	5.04E-04	4.67E-02	1.37E-04	2.80E-03	3.36E-05	2.52E-06	8.88E-06	2.49E-07	1.92E-07	1.52E-07	3.02E-08	2.34E-08	9.75E-09	1.28E-07	1.24E-07	2.64E-07	3.85E-08
0	0	0	0	0	1.11E-03	2.06E-02	1.88E-03	2.34E-02	2.16E-04	1.23E-02	0	1.22E-04	2.09E-03	9.63E-05	5.56E-04	4.20E-04	3.89E-02	1.14E-04	2.33E-03	2.80E-05	2.10E-06	7.39E-06	2.07E-07	1.60E-07	1.27E-07	2.52E-08	1.95E-08	8.13E-09	1.06E-07	1.03E-07	2.20E-07	3.21E-08
0	0	0	0	0	9.20E-04	1.71E-02	1.56E-03	1.94E-02	1.79E-04	1.02E-02	0	1.01E-04	1.74E-03	8.00E-05	4.62E-04	3.48E-04	3.23E-02	9.45E-05	1.94E-03	2.32E-05	1.74E-06	6.13E-06	1.72E-07	1.32E-07	1.05E-07	2.09E-08	1.62E-08	6.75E-09	8.84E-08	8.55E-08	1.83E-07	2.66E-08
0	0	0	0	0	7.60E-04	1.42E-02	1.29E-03	1.60E-02	1.48E-04	8.39E-03	0	8.36E-05	1.44E-03	6.61E-05	3.82E-04	2.88E-04	2.67E-02	7.81E-05	1.60E-03	1.92E-05	1.44E-06	5.06E-06	1.42E-07	1.10E-07	8.72E-08	1.73E-08	1.34E-08	5.58E-09	7.31E-08	7.07E-08	1.51E-07	2.20E-08
0	0	0	0	0	6.26E-04	1.17E-02	1.07E-03	1.32E-02	1.22E-04	6.90E-03	0	6.88E-05	1.18E-03	5.45E-05	3.14E-04	2.37E-04	2.20E-02	6.44E-05	1.32E-03	1.58E-05	1.19E-06	4.17E-06	1.17E-07	9.03E-08	7.18E-08	1.43E-08	1.10E-08	4.60E-09	6.02E-08	5.82E-08	1.24E-07	1.81E-08
0	0	0	0	0	5.13E-04	9.56E-03	8.75E-04	1.08E-02	1.00E-04	5.65E-03	0	5.63E-05	9.71E-04	4.47E-05	2.58E-04	1.95E-04	1.80E-02	5.28E-05	1.08E-03	1.29E-05	9.72E-07	3.41E-06	9.62E-08	7.40E-08	5.89E-08	1.17E-08	9.05E-09	3.77E-09	4.94E-08	4.78E-08	1.02E-07	1.49E-08
0	0	0	0	0	4.19E-04	7.81E-03	7.14E-04	8.85E-03	8.17E-05	4.60E-03	0	4.59E-05	7.93E-04	3.65E-05	2.11E-04	1.59E-04	1.47E-02	4.31E-05	8.84E-04	1.06E-05	7.93E-07	2.78E-06	7.86E-08	6.05E-08	4.81E-08	9.55E-09	7.39E-09	3.08E-09	4.03E-08	3.90E-08	8.34E-08	1.21E-08
0	0	0	0	0	9.24E-19	1.73E-17	1.59E-18	1.96E-17	1.81E-19	9.97E-18	0	1.01E-19	1.76E-18	8.11E-20	4.68E-19	3.52E-19	3.27E-17	9.57E-20	1.96E-18	2.34E-20	1.75E-21	6.12E-21	1.75E-22	1.34E-22	1.07E-22	2.12E-23	1.64E-23	6.84E-24	8.96E-23	8.67E-23	1.85E-22	2.69E-23
